10
19
22
29
36
38
40
43
45
46
47
48
49
50
51
53
58
59
61
73
74
77
80
81
82
90
94
95
96
98
105
106
111
119
123
124
130
149
150
151
152
154
157
168
176
177
178
181
186
189
190
191
192
193
195
197
199
200
205
206
207
208
218
219
222
224
228
230
232
236
238
239
252
257
273
277
278
279
280
284
290
292
294
297
311
314
317
346
348
349
363
370
382
387
388
389
390
393
397
402
422
424
442
453
462
463
466
473
481
488
495
502
513
514
521
523
525
528
553
558
593
594
596
597
599
600
601
602
603
604
605
607
609
610
611
612
613
615
616
617
618
619
620
621
622
626
628
634
635
636
637
638
639
640
641
647
659
661
664
665
669
670
677
683
692
696
697
700
714
716
717
718
719
724
729
730
736
737
738
739
740
742
745
746
749
750
751
752
753
754
756
760
761
762
763
764
765
767
773
774
775
776
778
790
794
797
798
799
803
804
825
827
828
829
832
833
840
842
843
844
845
847
850
851
855
865
866
869
875
876
887
894
897
898
899
900
905
907
918
920
922
926
929
936
939
940
954
963
964
970
975
979
981
983
990
993
994
997
1001
1004
1005
1007
1010
1011
1014
1015
1016
1023
1032
1033
1034
1041
1042
1045
1060
1073
1074
1083
1093
1094
1095
1100
1110
1111
1112
1122
1129
1140
1143
1144
1148
1150
1153
1158
1160
1161
1162
1163
1166
1167
1168
1169
1170
1171
1172
1174
1176
1177
1181
1182
1188
1189
1192
1193
1196
1197
1198
1467
1554
1603
1813
2027
2080
2219
2243
2526
2879
3044
3522
3525
3615
3626
3848
4360
4455
4462
4483
5126
5145
5425
5610
5642
5643
6657
6736
6942
7420
7456
7478
7680
7865
7911
8036
8299
8635
8857
9679
10264
10350
10684
10972
11163
11199
11748
12366
12522
13019
13195
14925
16064
16942
18615
20695
21919
24749
28643
30976
31285
37873
59807
62540
65052
65154
65270
66950
68294
69020
69021
69221
69811
69867
70140
70610
72913
73913
74190
75367
75484
75606
75737
76652
76957
77487
77743
78579
79019
79094
86986
88955
89675
90908
91202
92904
94239
95201
96821
97118
97436
98207
98509
98626
99058
99823
100098
100099
100130
100714
101399
101561
102018
102467
102699
102807
102901
102926
102929
102960
106688
111314
114926
121697
122205
122356
122759
123745
123908
123991
127761
135959
136487
136488
137276
140003
150929
151198
151225
151938
152650
152867
160645
167650
168934
177510
178239
182661
188958
188982
192802
193314
193787
193887
195870
204298
222076
227807
230388
245936
248487
253740
256105
256106
256622
256623
258810
259185
259320
259323
259612
259811
263087
263471
263474
263475
265273
265274
265740
265949
266934
274177
274178
279506
282351
282479
290697
292050
302428
302429
302430
306108
321817
324007
325175
325695
330082
330549
333443
333591
334517
336415
342532
345455
345732
345751
345968
349962
350080
351662
351663
351667
352040
352071
378532
408886
409683
416220
416960
417358
419865
422289
424376
426317
426318
426409
430652
430711
437016
437593
437686
439358
439402
439716
439773
439954
440046
440065
440248
440268
440568
440649
440768
440844
440845
442163
443852
444266
444972
445713
445995
446060
447200
447277
448674
448696
449139
449146
453627
482886
493418
535845
536270
542027
548190
550788
558343
558649
562359
572319
574666
577143
643757
656416
656443
656476
656490
816958
2724822
2882545
2999670
3017541
3017820
3032404
3080609
3081959
3081994
3131586
3146918
3236176
3262721
3266380
3281376
3295460
3295461
3295463
3300397
3303506
3323167
3340348
3341169
3368219
3386234
3386235
3394962
3413344
3501091
3509283
3514894
3572149
3605667
3613616
3621946
3634442
3645199
3675224
3679006
3683839
3687740
3711764
3725379
3737656
3850896
3978834
3989307
4059596
4078684
4085802
4106167
4130575
4134507
4152222
4153270
4153392
4175041
4195243
4198036
4238386
4286498
4371597
4379736
4422358
4451502
4469370
4471902
4473086
4475297
4475880
4476119
4476124
4476496
4477328
4478640
4589477
4623424
4626997
4627603
4627607
4628821
4629886
4632021
4633269
4633275
4633276
4633468
4633873
4634920
4635868
4650511
4677039
4712694
4979459
5023106
5034669
5056755
5058636
5068681
5074903
5117249
5117999
5118000
5118002
5118004
5118008
5120834
5122061
5151292
5151447
5151563
5153657
5154674
5165641
5176479
5193333
5230127
5231663
5241365
5241368
5246010
5250415
5258993
5259293
5280346
5280413
5280533
5280649
5280651
5280658
5280659
5280700
5280831
5280837
5280844
5281909
5282147
5282724
5283544
5283545
5283546
5283548
5283549
5289540
5317735
5317736
5326858
5355054
5369209
5370328
6102464
6102669
6126102
6384444
6439117
6440220
6440937
6443759
6443777
8030501
9547192
9837339
9838731
9859512
9905181
9920500
9927527
9943906
9964828
9989294
10034670
10058312
10219500
10241975
10306429
10313273
10374782
10396828
10398396
10419300
10442147
10890310
10914851
10986165
11095428
11194353
11355852
11593492
11593720
11708425
11954011
12081989
12100555
12235401
12308676
12310413
12310842
12313580
12313774
12418744
12443190
12449855
12460999
12535315
12566215
12747370
12755839
12832984
12837558
12901046
12940100
13066293
13091120
13154348
13192869
13206223
13241197
13321320
13367765
13434501
13542497
13832976
13894652
13939345
13940152
13940155
13940157
13960592
13968397
13989005
14035696
14048692
14077718
14102356
14123158
14131347
14135814
14150871
14159378
14163133
14163136
14205541
14216024
14253342
14264596
14284565
14304541
14394122
14410965
14429021
14506328
14506331
14602672
14632622
14647704
14679787
14681933
14693756
14701838
14724779
14727625
14742544
14752821
14752822
14754927
14754930
14754937
14754940
14754953
14754957
14803430
14827202
14843111
14878381
14949332
14954082
15023995
15061649
15293072
15559786
15565606
15565610
15565614
15607265
15608124
15657257
15805842
15927721
16657135
16786029
16786348
16789392
17386279
17775788
17775800
17848603
17903691
17935374
17935377
17958834
17962040
17967377
17996040
17997310
18175806
18218175
18218179
18218205
18218218
18218595
18218968
18220499
18220969
18221214
18221603
18222672
18223062
18223785
18224556
18231847
18322564
18324563
18326961
18344509
18356677
18364181
18402047
18403066
18435327
18454967
18541110
18552255
18681537
18683412
18702776
18718324
18784359
18786946
18791094
18939410
18943107
18958429
18968136
18977209
19002057
19068022
19078229
19427196
19599142
19688953
19695608
19739643
19739657
19816750
19914290
19915603
19919009
19925831
19930328
19985433
19991934
20063528
20073769
20097714
20112120
20132086
20146211
20154496
20224990
20273623
20293759
20371839
20371853
20553383
21120626
21158826
21226168
21226252
21252289
21288163
21431901
21496616
21537113
21708726
21734884
21754707
21864393
21885670
21885682
21889584
21918269
21918274
21932273
22006152
22022945
22024020
22096691
22102465
22111431
22218751
22223267
22238784
22245554
22271997
22283603
22283622
22284063
22290155
22342009
22390000
22413096
22460387
22465240
22483459
22506941
22592766
22669189
22708646
22728354
22895144
22988846
22996101
23042234
23088948
23169167
23208898
23287387
23311374
23421193
23424363
23432016
23463361
23514481
23546817
23589074
23644175
24798688
24892750
24892764
24973096
25026444
25200980
25201011
25202665
25207301
25244578
25244798
25245250
25245483
25258759
42609792
43164829
43164831
43164832
43164834
43164836
43164838
43164844
43342777
44176396
44237386
44283532
44287711
44289950
44295029
44341742
44379520
44379993
45055385
45055464
45055474
45078773
45266515
45479680
46173244
46708295
49867405
53431405
53461917
53462077
53462187
53463612
53463636
53668378
53681790
53877879
53911713
53970476
53990170
54004104
54052503
54069810
54104351
54148790
54195248
54200144
54215369
54215810
54218917
54239907
54249338
54260347
54264082
54293916
54313963
54345978
54509044
54545429
54545464
54675764
54742065
54758552
54758623
54758672
55284895
55285076
55290252
56928049
57048706
57116248
57261551
57506687
57605648
57643874
58100740
58248988
59243761
59721000
59721035
59721082
60038363
60828441
61213964
61276052
64991795
66039305
66554855
66679249
66680312
66804202
67259914
67426248
67478493
68139777
69040167
69392954
70424458
71013367
71359740
71370258
71434437
71435370
71474415
72362219
72593650
72621332
72671478
72683990
72982837
73073962
73080161
73155723
73169875
73178311
73299104
73314428
73317037
73317040
73317664
73656833
73718546
73813817
74033405
74051072
74066432
74317583
74350290
74353336
74393281
74413388
74413580
74828784
74828966
74933010
74934660
74934721
74950399
75034454
75102768
75144724
75222998
75223032
75239526
75239975
75293583
75293584
75299824
75305590
75581480
75595893
75606696
75987783
75988980
75988982
76045867
76057667
76058046
76059374
76061866
76062749
76063416
76075367
76077268
76078492
76078708
76079321
76080393
76081467
76082580
76082782
76083834
76091599
76095928
76096743
76098725
76100758
76101179
76101682
76104112
76109967
76109998
76114333
76115486
76119132
76120403
76120685
76121930
76124866
76125672
76127557
76128414
76128773
76134510
76136776
76136789
76137728
76142164
76189163
76374779
76379185
76381372
76411740
76412705
76460656
76460694
76477642
76482513
76492061
76494532
76495070
76499175
76500745
76507949
76515947
76515976
76516148
76518752
76519628
76546151
76546900
76549661
76549683
76549689
76549700
76550818
76845538
77320985
77322450
77341000
77516117
77522472
77603503
77700586
77704404
77721045
77727760
77839877
77856698
77936354
78052339
78052525
78122582
78136786
78145715
78160648
78173457
78173854
78173861
78174233
78178437
78183592
78183744
78184223
78291294
78302213
78349973
78411150
78421545
78907266
79194218
79194329
79194331
81641447
81645201
84648120
85049536
85093595
85107081
85147922
85200733
85208525
85273520
85319121
85416169
85519056
85594481
85652585
85831950
85979850
86000922
86033591
86071016
86130746
86160303
86229535
86243561
86244232
86244233
86244234
86244237
86529562
87119299
87122601
87147973
87204021
87287874
87401553
87427630
87439852
87483905
87946960
87995121
88103245
88420224
88425592
88429550
88448943
88510299
88609657
88683783
88685353
88870171
88929356
88931688
89234839
89316509
89800086
90035663
90143730
90332260
90933009
91171209
91334477
91621417
91820201
91973940
92021319
92021886
92042789
100979319
114350557
114350832
117072011
117733244
118084824
118209025
118672587
118679173
119086483
119091736
122511255
123238613
123247919
123291288
123430288
123549253
123656913
123662408
123710316
123823246
123869643
124109588
126745002
129650966
129661575
129668040
129673911
129689982
129713180
129768022
129853379
129925747
129926023
129927634
130021001
130035082
130144807
130178426
130242521
130443375
130458271
131637326
131836362
131836672
131837848
131837849
131837850
131853763